3401
1400
0000
6403
1400
0000
2c05
1400
0000
0406
1400
0000
f809
1411
0000
4c0b
1400
0000
740d
1400
0000
100e
1400
0000
2c11
0800
0000
8c13
0800
0000
4015
0800
0000
6817
0800
0000
6c19
0800
0000
181b
0c00
0000
381d
0800
0000
181f
0800
0000
2821
0811
0000
ec23
0800
0000
2425
0800
0000
0026
0800
0000
0c29
0800
0000
182b
0800
0000
dc2d
0800
0000
bc2f
0800
0000
6831
0800
0000
a433
0800
0000
8435
0800
0000
5c37
0800
0000
0838
0800
0000
703b
0800
0000
183d
0800
0000
683f
0800
0000
0040
0800
0000
1443
0800
0000
5045
0800
0000
0846
0800
0000
0448
0800
0000
744b
0800
0000
8c4d
0800
0000
5c4f
0800
0000
4c51
0800
0000
0c53
0800
0000
2c55
0800
0000
a057
0800
0000
6859
0800
0000
005a
0800
0000
0c5d
0800
0000
345f
0800
0000
e461
0800
0000
2063
0800
0000
0464
0800
0000
7467
0800
0000
0068
0800
0000
486b
0800
0000
2c6d
0800
0000
3c6f
0800
0000
3871
1000
0000
2073
1000
0000
0474
1000
0000
0876
1000
0000
7079
1000
0000
2c7b
1000
0000
1c7d
1000
0000
007e
1000
0000
2c81
1400
0000
3483
1400
0000
2885
1400
0000
5087
1000
0000
4089
3c00
0000
548b
3c00
0000
348c
3c00
0000
448f
3c00
0000
6891
3c00
0000
2892
3c00
0000
4095
3c00
0000
e897
3000
0000
5499
2000
0000
549b
1400
0000
409d
1400
0000
089e
1400
0000
00a0
1400
0000
6ca3
1400
0000
aca5
1400
0000
84a7
1400
0000
10a8
1400
0000
a4ab
1400
0000
3cad
1400
0000
64af
1400
0000
0cb0
1400
0000
38b3
1400
0000
14b4
1400
0000
08b6
1400
0000
00b8
1400
0000
14ba
1400
0000
00bc
1400
0000
74bf
1400
0000
0cc0
1400
0000
00c2
1400
0000
14c4
1400
0000
70c7
1400
0000
1cc9
1400
0000
1ccb
1400
0000
08cc
1400
0000
38cf
1400
0000
68d1
1400
0000
40d3
1400
0000
08d4
1400
0000
18d7
1400
0000
24d9
1401
0000
08da
1400
0000
34dd
1400
0000
00de
1400
0000
0ce0
1400
0000
00e2
1400
0000
d0e5
1400
0000
20e7
1400
0000
1ce9
1400
0000
18eb
1400
0000
30ed
1400
0000
10ee
1400
0000
54f1
0800
0000
38f3
0800
0000
38f5
0800
0000
24f7
0800
0000
10f9
0c00
0000
04fa
0800
0000
4cfd
0800
0000
54ff
0800
0000
d101
080d
0000
2503
0800
0000
7505
0800
0000
4507
0800
0000
0108
0800
0000
bd0b
0800
0000
310d
0800
0000
0d0f
0800
0000
7911
0801
0000
3513
1000
0000
0114
1000
0000
4917
1000
0000
0118
1000
0000
511b
1000
0000
4d1d
1000
0000
4d1f
1000
0000
5121
1000
0000
2d23
1400
0000
0d24
1400
0000
1126
1400
0000
2d29
1000
0000
392b
1001
0000
f92d
1000
0000
052e
1000
0000
2131
1000
0000
0532
1000
0000
0934
1000
0000
9d37
1000
0000
e539
1000
0000
053a
1000
0000
013c
1000
0000
a53f
1000
0000
4541
1000
0000
1943
1000
0000
1945
1000
0000
2947
1000
0000
2949
1400
0000
3d4b
1400
0000
c94d
1400
0000
214f
1400
0000
3151
1400
0000
1552
1400
0000
5555
1400
0000
0556
1400
0000
d159
1400
0000
fd5b
1400
0000
115c
1400
0000
615f
1400
0000
2161
1400
0000
0162
1400
0000
2165
1400
0000
1566
1400
0000
0168
1400
0000
256b
1400
0000
016c
1400
0000
316f
1400
0000
1170
1400
0000
4573
1400
0000
fd75
1400
0000
1176
1400
0000
2179
1400
0000
757b
1400
0000
397d
1400
0000
357f
1400
0000
1981
1400
0000
2983
1400
0000
3185
1400
0000
0586
1400
0000
1189
1401
0000
258b
1400
0000
098c
1400
0000
498f
1400
0000
7191
1400
0000
5d93
0800
0000
3995
0800
0000
1d97
0800
0000
3599
0800
0000
0d9a
0c00
0000
199d
0801
0000
559f
0800
0000
11a1
0800
0000
a1a3
0800
0000
15a5
0801
0000
15a7
0800
0000
81a9
0800
0000
21ab
0800
0000
19ad
0800
0000
61af
0800
0000
41b1
0800
0000
4db3
0800
0000
09b4
0c00
0000
05b6
0c00
0000
09b8
0c00
0000
01ba
0c00
0000
29bd
0c00
0000
31bf
0800
0000
05c0
0800
0000
2dc3
0800
0000
5dc5
0c00
0000
11c7
0c00
0000
89c9
0800
0000
15cb
0800
0000
09cc
0800
0000
2dcf
0800
0000
2dd1
0800
0000
05d2
0800
0000
41d5
0800
0000
31d7
0800
0000
01d8
0800
0000
05da
0800
0000
29dd
0800
0000
71df
0800
0000
05e0
0800
0000
51e3
0800
0000
0de5
0800
0000
15e7
0800
0000
1de9
0800
0000
39eb
0800
0000
8ded
0800
0000
2def
0800
0000
15f1
0800
0000
3df3
0800
0000
29f5
0800
0000
8df7
0800
0000
b5f9
0800
0000
59fb
0800
0000
21fd
0800
0000
25ff
0800
0000
3a01
0800
0000
3a03
0800
0000
2605
0800
0000
3e07
0800
0000
8e09
0800
0000
2e0b
0800
0000
c20d
0800
0000
020e
0800
0000
0610
0800
0000
4e13
0800
0000
4615
0800
0000
2e17
0800
0000
1a19
0800
0000
761b
0800
0000
3a1d
0800
0000
161f
0800
0000
4221
0800
0000
ae23
0800
0000
0224
0800
0000
0226
0800
0000
2a29
0800
0000
562b
0800
0000
6a2d
0800
0000
422f
0800
0000
1631
0800
0000
6633
0800
0000
0e35
0800
0000
2637
0800
0000
2e39
0800
0000
3a3b
0800
0000
623d
0800
0000
263f
0800
0000
6e41
0800
0000
3643
0800
0000
2e45
0800
0000
7a47
0800
0000
3e49
0800
0000
4a4b
0800
0000
024c
0800
0000
e24f
0800
0000
1251
0800
0000
0252
0800
0000
3e55
0800
0000
7657
0800
0000
2e59
0800
0000
3a5b
0800
0000
565d
0800
0000
3a5f
0800
0000
0260
0800
0000
0262
0800
0000
4665
0800
0000
5667
0801
0000
1669
0800
0000
466b
0800
0000
1e6d
0800
0000
126f
0800
0000
0670
0800
0000
5e73
0800
0000
5275
0800
0000
2677
0800
0000
c679
0800
0000
067a
0800
0000
2e7d
0800
0000
267f
0800
0000
2e81
0800
0000
2683
0800
0000
1a85
0800
0000
4e87
0800
0000
0688
0800
0000
4a8b
0800
0000
628d
0800
0000
068e
0800
0000
0290
0800
0000
2293
0800
0000
0694
0800
0000
3e97
0800
0000
fe99
0800
0000
569b
0800
0000
069c
0800
0000
329f
0800
0000
42a1
0800
0000
22a3
0800
0000
2aa5
0c00
0000
12a7
0c00
0000
0aa8
0800
0000
02aa
0800
0000
46ad
0800
0000
4eaf
0800
0000
02b0
0c00
0000
12b3
0800
0000
96b5
0800
0000
16b7
0800
0000
1ab9
0801
0000
0eba
0c00
0000
3ebd
0c00
0000
02be
0c00
0000
52c1
0c00
0000
3ec3
0c00
0000
22c5
0c00
0000
4ac7
0c00
0000
4ec9
0800
0000
2ecb
0c00
0000
0acc
0800
0000
12cf
0800
0000
02d0
0800
0000
56d3
0800
0000
22d5
0c00
0000
0ad6
0c00
0000
02d9
0801
0000
02da
0800
0000
7add
0800
0000
16df
0c00
0000
1ae1
0c00
0000
3ee3
0800
0000
02e4
0800
0000
1ee7
0800
0000
cee9
0800
0000
06ea
0800
0000
2eed
0800
0000
2aef
0800
0000
3ef1
0800
0000
6ef3
0800
0000
22f5
0800
0000
82f7
0800
0000
06f8
0800
0000
1efb
0800
0000
defd
0800
0000
3eff
0800
0000
0700
0800
0000
3703
0800
0000
0304
0800
0000
bb07
0800
0000
0708
0800
0000
3b0b
0800
0000
cb0d
0800
0000
0b0e
0800
0000
0311
0801
0000
8313
0800
0000
2315
0800
0000
1f17
0800
0000
0f19
0800
0000
571b
0800
0000
cb1d
0800
0000
0b1e
0800
0000
4b21
0800
0000
6b23
0800
0000
db25
0800
0000
c727
0800
0000
0328
0800
0000
2b2b
0800
0000
2f2d
0800
0000
272f
0800
0000
4331
0800
0000
0f33
0800
0000
5b35
0801
0000
2b37
0800
0000
0f39
0800
0000
573b
0800
0000
5f3d
0800
0000
2b3f
0800
0000
6341
0800
0000
1343
0800
0000
0744
0800
0000
4747
0c00
0000
1349
0c00
0000
0b4b
0801
0000
0b4c
0800
0000
3f4f
0800
0000
2351
0800
0000
0352
0c00
0000
6b55
0800
0000
2757
0800
0000
0358
0800
0000
475b
0800
0000
275d
0c00
0000
3f5f
0c00
0000
2361
0c00
0000
4f63
0c00
0000
6f65
0c00
0000
0366
0c00
0000
2b69
0c00
0000
3b6b
0800
0000
176d
0c00
0000
ab6f
0800
0000
1771
0800
0000
3b73
0800
0000
2775
0800
0000
0376
0c00
0000
4b79
0c00
0000
337b
0800
0000
377d
0800
0000
6b7f
0800
0000
1381
0c00
0000
0f82
0c00
0000
2785
0800
0000
1387
0800
0000
a389
0800
0000
9f8b
0800
0000
0b8c
0800
0000
038e
0800
0000
3791
0800
0000
1b93
0800
0000
a395
0800
0000
0796
0800
0000
0398
0800
0000
0b9a
0800
0000
2f9d
0800
0000
4b9f
0800
0000
13a1
0800
0000
0fa3
0800
0000
1ba5
0800
0000
2fa7
0800
0000
1fa9
0800
0000
2bab
0800
0000
0fad
0800
0000
67af
0800
0000
27b1
0800
0000
0bb2
0800
0000
37b5
0800
0000
03b6
0800
0000
0bb8
0800
0000
27bb
0800
0000
1fbd
0800
0000
13bf
0800
0000
6bc1
0800
0000
13c3
0800
0000
37c5
0800
0000
3fc7
0800
0000
17c9
0800
0000
8bcb
0800
0000
3bcd
0800
0000
17cf
0400
0000
bbd1
0400
0000
27d3
0400
0000
1fd5
0400
0000
dbd7
0400
0000
53d9
0401
0000
5bdb
0400
0000
13dd
0400
0000
07de
0400
0000
9be1
0400
0000
17e3
0400
0000
0fe5
0800
0000
0be7
0400
0000
23e9
0800
0000
1beb
0800
0000
1fed
0800
0000
1bef
0800
0000
3bf1
0800
0000
33f3
0800
0000
1ff5
0800
0000
33f7
0800
0000
cff9
0800
0000
17fb
0800
0000
17fd
0800
0000
07fe
0800
0000
