3001
1000
0000
8403
1000
0000
0004
1000
0000
0806
1000
0000
0009
1012
0000
100a
1000
0000
280d
1000
0000
100e
1000
0000
1811
0800
0000
8013
0800
0000
c415
0800
0000
4c17
0800
0000
0818
0800
0000
401b
0800
0000
141d
0800
0000
441f
0800
0000
5021
080d
0000
d423
0800
0000
4825
0800
0000
cc27
0800
0000
0428
0800
0000
102b
0800
0000
002c
0800
0000
1c2f
0800
0000
3031
0800
0000
c033
0800
0000
3035
0800
0000
0036
0800
0000
1c39
0800
0000
243b
0800
0000
043c
0800
0000
503f
0800
0000
2041
0800
0000
0c43
0800
0000
a045
0800
0000
3847
0800
0000
1c49
0800
0000
2c4b
0800
0000
304d
0800
0000
2c4f
0800
0000
0c51
0800
0000
1453
0800
0000
1455
0800
0000
6457
0800
0000
8459
0800
0000
0c5b
0800
0000
345d
0800
0000
785f
0800
0000
1461
0800
0000
1c63
0800
0000
0864
0800
0000
0c67
0800
0000
4469
0800
0000
086a
0800
0000
046c
0800
0000
306f
0800
0000
9c71
1400
0000
2073
1000
0000
1474
1400
0000
ac77
1400
0000
2479
1400
0000
047a
1400
0000
547d
1400
0000
307f
1400
0000
1881
1400
0000
cc83
1400
0000
1885
1400
0000
0086
1400
0000
3489
2400
0000
2c8b
2400
0000
188c
2400
0000
308f
2400
0000
0c90
2400
0000
0c92
2400
0000
3495
2400
0000
0096
2000
0000
0c98
1800
0000
b09b
1000
0000
d49d
1000
0000
049e
1000
0000
3ca1
1000
0000
0ca2
1000
0000
3ca5
1000
0000
34a7
1000
0000
30a9
1000
0000
c8ab
1000
0000
44ad
1000
0000
54af
1000
0000
70b1
1000
0000
14b3
0c00
0000
1cb5
0c00
0000
00b6
0c00
0000
04b8
0c00
0000
88bb
0c00
0000
24bd
0c00
0000
94bf
0c00
0000
40c1
0c00
0000
14c3
0c00
0000
b0c5
0c00
0000
68c7
0c00
0000
50c9
0c00
0000
9ccb
0c00
0000
04cc
0c00
0000
00ce
0c00
0000
30d1
0c00
0000
84d3
0c00
0000
9cd5
0c00
0000
10d7
0c00
0000
bcd9
0c00
0000
90db
0c00
0000
7cdd
0c00
0000
0cde
0c00
0000
34e1
0c00
0000
18e3
0c00
0000
8ce5
0c00
0000
38e7
0c00
0000
94e9
0c00
0000
08ea
0c00
0000
00ec
0c00
0000
1cef
0c00
0000
00f0
0800
0000
78f3
0800
0000
30f5
0800
0000
00f6
0800
0000
48f9
0800
0000
4cfb
0800
0000
3cfd
0800
0000
64ff
0800
0000
6901
080c
0000
0d03
0800
0000
9105
0801
0000
3d07
0800
0000
1109
0800
0000
410b
0800
0000
050c
0800
0000
310f
0800
0000
8111
0801
0000
1d13
0c00
0000
1915
0c00
0000
3117
0c00
0000
1519
0c00
0000
b91b
0c00
0000
191d
0c00
0000
051e
0c00
0000
2d21
0c00
0000
6123
1000
0000
2525
1000
0000
0126
1000
0000
2129
1000
0000
112b
0c00
0000
0d2c
0c00
0000
0d2e
0c00
0000
ed31
0c00
0000
1533
0c00
0000
5535
0c00
0000
2937
0c00
0000
1939
0c00
0000
953b
0c00
0000
7d3d
0c00
0000
753f
0c00
0000
5141
0c00
0000
7143
0c00
0000
5945
0c00
0000
6147
0c00
0000
2549
0c00
0000
1d4b
0c00
0000
254d
0c00
0000
594f
0c00
0000
0d50
0c00
0000
5953
0c00
0000
2955
1000
0000
1557
0c00
0000
3559
0c00
0000
815b
0c00
0000
095c
0c00
0000
a95f
0c00
0000
1561
0c00
0000
1163
0c00
0000
5565
0c00
0000
3567
0c00
0000
1169
0c00
0000
096a
0c00
0000
256d
0c00
0000
396f
0c00
0000
0970
0c00
0000
a573
0c00
0000
1d75
0c00
0000
2d77
0c00
0000
1d79
0c00
0000
217b
0c00
0000
3d7d
0c00
0000
057e
0c00
0000
2981
0c00
0000
2583
0c00
0000
1985
1000
0000
1187
0c00
0000
1188
1000
0000
158b
0c00
0000
318d
0c00
0000
618f
0c00
0000
4191
0c00
0000
7193
0800
0000
0194
0800
0000
0197
0801
0000
2d99
0800
0000
4d9b
0800
0000
a19d
0800
0000
019e
0800
0000
41a1
0800
0000
1da3
0800
0000
91a5
0800
0000
49a7
0800
0000
0da9
0800
0000
01aa
0800
0000
01ac
0800
0000
a5af
0800
0000
2db1
0800
0000
41b3
0800
0000
49b5
0800
0000
29b7
0800
0000
5db9
0800
0000
09ba
0800
0000
21bd
0800
0000
01be
0800
0000
11c1
0800
0000
5dc3
0800
0000
25c5
0800
0000
2dc7
0800
0000
29c9
0800
0000
19cb
0800
0000
8dcd
0800
0000
4dcf
0800
0000
09d1
0801
0000
1dd3
0800
0000
99d5
0800
0000
25d7
0800
0000
79d9
0800
0000
79db
0800
0000
2ddd
0800
0000
75df
0800
0000
55e1
0800
0000
0de3
0800
0000
81e5
0800
0000
01e6
0800
0000
19e9
0800
0000
01ea
0800
0000
2ded
0800
0000
2def
0800
0000
51f1
0800
0000
09f2
0800
0000
8df5
0800
0000
11f7
0800
0000
01f8
0800
0000
1dfb
0800
0000
0dfd
0800
0000
35ff
0800
0000
2a01
0800
0000
6603
0800
0000
6a05
0800
0000
6e07
0800
0000
3209
0800
0000
260b
0800
0000
320d
0801
0000
9a0f
0800
0000
a211
0800
0000
4a13
0800
0000
e615
0800
0000
1a17
0800
0000
a219
0800
0000
021a
0800
0000
be1d
0800
0000
0e1f
0800
0000
1221
0800
0000
0222
0800
0000
2225
0800
0000
ae27
0800
0000
2a29
0800
0000
062a
0800
0000
562d
0800
0000
4e2f
0800
0000
aa31
0800
0000
1e33
0800
0000
0e35
0800
0000
0236
0800
0000
a639
0800
0000
963b
0800
0000
563d
0800
0000
be3f
0800
0000
0640
0800
0000
8243
0800
0000
1645
0800
0000
9247
0800
0000
2249
0800
0000
064a
0800
0000
324d
0800
0000
3e4f
0800
0000
5251
0800
0000
0652
0800
0000
1655
0800
0000
0e57
0800
0000
6259
0800
0000
225b
0800
0000
065c
0800
0000
025e
0800
0000
2261
0800
0000
0662
0800
0000
9e65
0800
0000
4667
0800
0000
b269
0800
0000
8a6b
0800
0000
0e6d
0800
0000
0e6f
0800
0000
0a70
0800
0000
2673
0800
0000
2275
0801
0000
9277
0800
0000
3a79
0800
0000
227b
0800
0000
167d
0800
0000
227f
0800
0000
3e81
0800
0000
6283
0800
0000
1a85
0800
0000
1287
0800
0000
0288
0800
0000
028a
0800
0000
028c
0800
0000
268f
0800
0000
3e91
0800
0000
3293
0800
0000
0294
0800
0000
0a96
0800
0000
1a99
0800
0000
4e9b
0800
0000
029c
0800
0000
129f
0800
0000
16a1
0800
0000
0ea3
0800
0000
02a4
0800
0000
5ea7
0800
0000
16a9
0800
0000
1aab
0800
0000
0aac
0800
0000
02ae
0800
0000
4ab1
0800
0000
9eb3
0800
0000
12b5
0800
0000
36b7
0800
0000
12b9
0800
0000
16bb
0800
0000
6abd
0800
0000
eabf
0800
0000
2ac1
0800
0000
72c3
0800
0000
42c5
0800
0000
06c6
0800
0000
26c9
0800
0000
52cb
0800
0000
9acd
0800
0000
2acf
0800
0000
5ed1
0800
0000
1ed3
0800
0000
2ed5
0801
0000
16d7
0800
0000
0ed9
0800
0000
6edb
0800
0000
16dd
0800
0000
02de
0800
0000
16e1
0800
0000
0ee3
0800
0000
8ee5
0800
0000
26e7
0800
0000
3ae9
0800
0000
eaeb
0800
0000
4eed
0800
0000
0aee
0800
0000
42f1
0800
0000
92f3
0800
0000
32f5
0800
0000
2ef7
0800
0000
4af9
0800
0000
1afb
0800
0000
12fd
0800
0000
8eff
0800
0000
6701
0800
0000
1703
0800
0000
2305
0800
0000
d307
0800
0000
1f09
0800
0000
030a
0800
0000
3b0d
0800
0000
2b0f
0800
0000
2311
0800
0000
2b13
0800
0000
d715
0400
0000
0f17
0800
0000
2f19
0800
0000
071a
0800
0000
c71d
0800
0000
071e
0800
0000
0320
0800
0000
1723
0800
0000
bf25
0800
0000
1727
0800
0000
0728
0800
0000
472b
0800
0000
e32d
0800
0000
272f
0800
0000
2731
0800
0000
1b33
0800
0000
0334
0800
0000
0b36
0800
0000
9739
0800
0000
2f3b
0800
0000
8f3d
0800
0000
473f
0800
0000
1341
0800
0000
2f43
0800
0000
0744
0800
0000
8347
0800
0000
1349
0800
0000
0f4b
0800
0000
0f4d
0800
0000
1f4f
0800
0000
0b50
0800
0000
5b53
0800
0000
1355
0800
0000
1f57
0800
0000
4759
0800
0000
5b5b
0800
0000
1b5d
0800
0000
035e
0800
0000
3b61
0800
0000
d363
0800
0000
0764
0800
0000
0f67
0800
0000
0f69
0800
0000
036a
0800
0000
036c
0800
0000
076e
0800
0000
0770
0800
0000
5f73
0800
0000
1775
0800
0000
0776
0800
0000
3779
0800
0000
a77b
0800
0000
0f7d
0800
0000
177f
0800
0000
0380
0800
0000
5383
0800
0000
0f85
0800
0000
3787
0800
0000
1789
0800
0000
1b8b
0800
0000
178d
0800
0000
4f8f
0800
0000
0390
0800
0000
1393
0800
0000
0b94
0800
0000
c397
0800
0000
2799
0800
0000
179b
0800
0000
279d
0800
0000
1b9f
0400
0000
2fa1
0800
0000
13a3
0400
0000
1fa5
0400
0000
a7a7
0400
0000
93a9
0401
0000
73ab
0400
0000
67ad
0400
0000
23af
0400
0000
cbb1
0400
0000
2bb3
0400
0000
23b5
0400
0000
73b7
0400
0000
b7b9
0400
0000
17bb
0800
0000
03bc
0800
0000
47bf
0800
0000
73c1
0800
0000
33c3
0800
0000
3fc5
0800
0000
23c7
0800
0000
0bc8
0800
0000
0bca
0800
0000
13cd
0800
0000
07cf
0801
0000
17d1
0801
0000
0bd2
0800
0000
4fd5
0800
0000
1bd7
0800
0000
17d9
0800
0000
07da
0800
0000
6bdd
0800
0000
5fdf
0800
0000
13e1
0800
0000
1be3
0800
0000
47e5
0800
0000
07e6
0800
0000
0be8
0800
0000
23eb
0800
0000
fbed
0800
0000
47ef
0800
0000
ebf1
0800
0000
2bf3
0800
0000
47f5
0800
0000
b7f7
0800
0000
0bf8
0800
0000
23fb
0800
0000
07fc
0800
0000
0fff
0800
0000
