f001
1800
0000
0002
1800
0000
8005
1800
0000
5007
1800
0000
1409
1810
0000
480b
1800
0000
080c
1800
0000
100e
1800
0000
3811
0800
0000
1c13
0800
0000
1c15
0800
0000
3017
0800
0000
2c19
0800
0000
5c1b
0800
0000
cc1d
0800
0000
541f
0800
0000
b421
0815
0000
7023
0800
0000
4825
0800
0000
1c27
0800
0000
0028
0800
0000
302b
0800
0000
082c
0800
0000
4c2f
0800
0000
9431
0800
0000
1833
0800
0000
7435
0800
0000
2037
0800
0000
0838
0800
0000
a03b
0800
0000
5c3d
0801
0000
ec3f
0800
0000
7c41
0800
0000
5443
0800
0000
0044
0800
0000
2047
0800
0000
0c49
0800
0000
4c4b
0800
0000
184d
0800
0000
544f
0800
0000
0450
0800
0000
0c53
0800
0000
4855
0800
0000
0856
0800
0000
1859
0800
0000
405b
0800
0000
e45d
0800
0000
d05f
0800
0000
0860
0800
0000
2063
0800
0000
d065
0800
0000
7867
0800
0000
1869
0800
0000
186b
0800
0000
206d
0800
0000
046e
0800
0000
0870
1000
0000
2473
1000
0000
3475
1000
0000
1477
1000
0000
0478
1000
0000
807b
1000
0000
3c7d
1000
0000
107e
1000
0000
7081
1000
0000
3483
1000
0000
4085
1000
0000
9487
1000
0000
1489
1000
0000
8c8b
1000
0000
e48d
1000
0000
088e
1000
0000
7091
1000
0000
3093
1000
0000
0494
1000
0000
2c97
1000
0000
0098
1000
0000
449b
1000
0000
0c9c
1000
0000
049e
1000
0000
04a0
1000
0000
64a3
1000
0000
04a4
1000
0000
2ca7
1000
0000
40a9
1000
0000
00aa
1000
0000
34ad
1000
0000
38af
1000
0000
fcb1
1000
0000
04b2
0800
0000
14b5
0800
0000
64b7
0800
0000
64b9
0800
0000
1cbb
0800
0000
44bd
0800
0000
04be
0800
0000
1cc1
0800
0000
04c2
0800
0000
1cc5
0800
0000
34c7
0800
0000
10c9
0800
0000
90cb
0800
0000
2ccd
0801
0000
58cf
0800
0000
00d0
0800
0000
50d3
0800
0000
7cd5
0800
0000
40d7
0800
0000
34d9
0800
0000
3cdb
0800
0000
10dd
0800
0000
6cdf
0800
0000
3ce1
0800
0000
2ce3
0800
0000
0ce5
0800
0000
0ce7
0800
0000
34e9
0800
0000
10eb
0800
0000
1ced
0800
0000
1cef
0800
0000
8cf1
0800
0000
18f3
0800
0000
14f5
0800
0000
34f7
0800
0000
00f8
0800
0000
24fb
0800
0000
38fd
0800
0000
34ff
0800
0000
2101
080d
0000
5d03
0800
0000
4505
0800
0000
3507
0800
0000
1109
0800
0000
2d0b
0800
0000
b10d
0800
0000
310f
0800
0000
1111
0800
0000
3113
0800
0000
6915
0800
0000
0916
0800
0000
1119
0800
0000
051a
0800
0000
4d1d
0800
0000
591f
0800
0000
0920
0800
0000
2123
0800
0000
4525
0800
0000
0d27
0800
0000
d929
0800
0000
752b
0800
0000
4d2d
0800
0000
112f
0800
0000
1931
0800
0000
ad33
0800
0000
6935
0800
0000
0936
0800
0000
0d39
0800
0000
093a
0800
0000
3d3d
0800
0000
7d3f
0800
0000
0d41
0800
0000
4143
0800
0000
9945
0801
0000
5547
0800
0000
0148
0800
0000
014a
0800
0000
094c
0800
0000
054e
0800
0000
f951
0800
0000
1953
0800
0000
1d55
0800
0000
6557
0800
0000
3559
0800
0000
295b
0800
0000
695d
0800
0000
155f
0800
0000
0160
0800
0000
5563
0800
0000
2165
0800
0000
2567
0800
0000
9169
0800
0000
516b
0800
0000
296d
0800
0000
116f
0800
0000
1d71
0800
0000
3973
0800
0000
5175
0800
0000
4d77
0800
0000
7579
0800
0000
657b
0800
0000
417d
0800
0000
417f
0800
0000
0180
0800
0000
0182
0800
0000
0184
0800
0000
0586
0800
0000
2189
0800
0000
698b
0800
0000
118d
0800
0000
898f
0800
0000
2991
0800
0000
0992
0800
0000
5d95
0800
0000
6d97
0800
0000
0998
0800
0000
599b
0800
0000
719d
0800
0000
699f
0800
0000
55a1
0800
0000
51a3
0800
0000
61a5
0800
0000
3da7
0800
0000
39a9
0800
0000
0dab
0800
0000
4dad
0800
0000
25af
0800
0000
a5b1
0800
0000
3db3
0800
0000
49b5
0800
0000
0db7
0800
0000
09b8
0800
0000
01ba
0800
0000
09bc
0800
0000
39bf
0800
0000
15c1
0800
0000
41c3
0800
0000
05c4
0800
0000
7dc7
0800
0000
5dc9
0800
0000
41cb
0800
0000
09cc
0800
0000
19cf
0800
0000
29d1
0800
0000
4dd3
0800
0000
59d5
0800
0000
55d7
0800
0000
49d9
0800
0000
1ddb
0800
0000
09dc
0800
0000
35df
0800
0000
09e0
0800
0000
41e3
0800
0000
05e4
0800
0000
01e6
0800
0000
81e9
0800
0000
39eb
0800
0000
45ed
0800
0000
59ef
0800
0000
15f1
0800
0000
8df3
0800
0000
25f5
0800
0000
11f7
0800
0000
01f8
0800
0000
d9fb
0800
0000
2dfd
0800
0000
71ff
0800
0000
2e01
0800
0000
0602
0800
0000
b605
0800
0000
7e07
0800
0000
5a09
0800
0000
220b
0800
0000
460d
0800
0000
020e
0800
0000
aa11
0800
0000
2213
0800
0000
9615
0800
0000
2217
0800
0000
1619
0800
0000
421b
0800
0000
221d
0800
0000
0e1f
0800
0000
ea21
0801
0000
1623
0800
0000
1a25
0800
0000
4e27
0800
0000
1629
0800
0000
722b
0800
0000
022c
0800
0000
1a2f
0800
0000
0e31
0800
0000
0232
0800
0000
7635
0800
0000
4637
0800
0000
5639
0800
0000
8e3b
0800
0000
323d
0800
0000
423f
0800
0000
0240
0800
0000
0242
0800
0000
2645
0800
0000
0246
0800
0000
5649
0800
0000
3e4b
0800
0000
c24d
0800
0000
124f
0800
0000
6e51
0800
0000
1253
0800
0000
1a55
0800
0000
2257
0800
0000
1659
0800
0000
7a5b
0800
0000
365d
0800
0000
325f
0800
0000
1a61
0800
0000
0e63
0800
0000
7a65
0800
0000
0a66
0800
0000
1e69
0800
0000
026a
0800
0000
be6d
0800
0000
166f
0800
0000
2e71
0800
0000
0272
0800
0000
2675
0800
0000
0276
0800
0000
2679
0800
0000
7a7b
0800
0000
027c
0800
0000
027e
0800
0000
2681
0800
0000
5a83
0801
0000
9e85
0800
0000
3287
0800
0000
2689
0800
0000
7a8b
0800
0000
2a8d
0800
0000
4e8f
0800
0000
1291
0800
0000
7293
0800
0000
8e95
0800
0000
4e97
0800
0000
0e99
0800
0000
169b
0800
0000
5a9d
0800
0000
7e9f
0800
0000
7aa1
0800
0000
02a2
0800
0000
72a5
0800
0000
66a7
0800
0000
26a9
0800
0000
26ab
0800
0000
42ad
0800
0000
aeaf
0800
0000
46b1
0800
0000
46b3
0801
0000
0ab4
0800
0000
12b7
0800
0000
2ab9
0800
0000
16bb
0800
0000
06bc
0800
0000
32bf
0800
0000
4ac1
0800
0000
0ac2
0800
0000
66c5
0800
0000
3ac7
0800
0000
26c9
0800
0000
6acb
0800
0000
4ecd
0800
0000
92cf
0800
0000
8ed1
0800
0000
a6d3
0800
0000
02d4
0800
0000
1ed7
0802
0000
02d8
0800
0000
0ada
0800
0000
36dd
0800
0000
32df
0800
0000
26e1
0800
0000
12e3
0800
0000
0ee5
0800
0000
1ee7
0800
0000
2ae9
0800
0000
22eb
0800
0000
46ed
0800
0000
3aef
0800
0000
4ef1
0800
0000
4ef3
0800
0000
16f5
0800
0000
16f7
0800
0000
02f8
0800
0000
7efb
0800
0000
26fd
0800
0000
82ff
0800
0000
8b01
0800
0000
2b03
0800
0000
0f05
0800
0000
bb07
0800
0000
1b09
0800
0000
170b
0800
0000
3f0d
0800
0000
0f0f
0800
0000
0f11
0800
0000
0712
0800
0000
2715
0800
0000
ab17
0800
0000
0718
0800
0000
7b1b
0800
0000
0b1c
0800
0000
1f1f
0800
0000
3f21
0800
0000
3f23
0800
0000
0f25
0800
0000
0326
0800
0000
6329
0800
0000
0f2b
0800
0000
5b2d
0800
0000
272f
0800
0000
1b31
0800
0000
2f33
0800
0000
1b35
0800
0000
1337
0800
0000
0b38
0800
0000
eb3b
0800
0000
833d
0800
0000
533f
0800
0000
6f41
0800
0000
2743
0800
0000
5345
0800
0000
1f47
0800
0000
3749
0800
0000
3b4b
0800
0000
134d
0800
0000
074e
0800
0000
2b51
0800
0000
4753
0800
0000
1b55
0800
0000
0357
0801
0000
2b59
0800
0000
175b
0800
0000
c75d
0800
0000
1f5f
0800
0000
2f61
0800
0000
2763
0800
0000
3b65
0800
0000
2b67
0800
0000
1769
0800
0000
336b
0800
0000
1b6d
0800
0000
0b6e
0800
0000
0b70
0800
0000
a373
0800
0000
3375
0800
0000
0776
0800
0000
4379
0800
0000
037a
0800
0000
137d
0801
0000
637f
0800
0000
1781
0800
0000
2383
0800
0000
0f85
0800
0000
0f87
0800
0000
2789
0800
0000
1b8b
0800
0000
3f8d
0801
0000
178f
0800
0000
2391
0800
0000
9b93
0801
0000
2395
0800
0000
3797
0800
0000
9799
0800
0000
979b
0800
0000
4f9d
0800
0000
5f9f
0800
0000
93a1
0800
0000
23a3
0800
0000
07a4
0800
0000
1ba7
0800
0000
0ba8
0800
0000
9bab
0800
0000
0fad
0800
0000
03ae
0800
0000
4bb1
0800
0000
17b3
0800
0000
5bb5
0800
0000
03b6
0800
0000
4fb9
0800
0000
37bb
0800
0000
17bd
0800
0000
03be
0800
0000
87c1
0800
0000
07c2
0800
0000
2fc5
0800
0000
77c7
0800
0000
17c9
0800
0000
63cb
0800
0000
17cd
0800
0000
2fcf
0800
0000
07d0
0800
0000
23d3
0800
0000
bfd5
0800
0000
07d6
0800
0000
5bd9
0800
0000
23db
0800
0000
2bdd
0800
0000
97df
0800
0000
4fe1
0800
0000
1fe3
0800
0000
2fe5
0800
0000
23e7
0800
0000
6be9
0800
0000
6beb
0800
0000
6fed
0800
0000
43ef
0800
0000
33f1
0800
0000
c7f3
0800
0000
73f5
0800
0000
6ff7
0800
0000
6bf9
0800
0000
2ffb
0800
0000
27fd
0800
0000
37ff
0800
0000
